0	0
0	0
0.001	0
0.002	0
0.003	0
0.004	0
0.005	0
0.006	0
0.007	0
0.008	0
0.009	0
0.01	0
0.011	0
0.012	0
0.013	5.576187203e-37
0.014	9.339163439e-31
0.015	7.246206337e-26
0.016	6.589362462e-22
0.017	1.240173901e-18
0.018	7.031010325e-16
0.019	1.554961943e-13
0.02	1.614008406e-11
0.021	9.013894631e-10
0.022	3.0045193e-08
0.023	6.478170462e-07
0.024	9.629366104e-06
0.025	0.0001038570554
0.026	0.0008473803755
0.027	0.00541334087
0.028	0.02786508948
0.029	0.1184044108
0.03	0.42396155
0.031	1.301999927
0.032	3.482317686
0.033	8.220552444
0.034	17.33062744
0.035	32.97100449
0.036	57.13331604
0.037	90.92996216
0.038	133.9223785
0.039	183.7787781
0.04	236.4536438
0.041	286.8785095
0.042	329.9529114
0.043	361.5152283
0.044	379.0126343
0.045	381.730011
0.046	370.6102905
0.047	347.8170776
0.048	316.2176208
0.049	278.9183044
0.05	238.9119415
0.051	198.8381195
0.052	160.833847
0.053	126.4553146
0.054	96.66088867
0.055	71.85237122
0.056	51.96473694
0.057	36.58903885
0.058	25.10569382
0.059	16.8069725
0.06	10.99353886
0.061	7.03834343
0.062	4.41941309
0.063	2.727813244
0.064	1.659298182
0.065	0.9974409938
0.066	0.5942280293
0.067	0.3518768549
0.068	0.2077224702
0.069	0.1226716116
0.07	0.07296656817
0.071	0.04468272999
0.072	0.03036561795
0.073	0.02735710144
0.074	0.03757185861
0.075	0.06870116293
0.076	0.1369966567
0.077	0.2718757391
0.078	0.522547543
0.079	0.9666310549
0.08	1.720295548
0.081	2.948786736
0.082	4.875391006
0.083	7.786061764
0.084	12.02637672
0.085	17.98741531
0.086	26.07809258
0.087	36.68313599
0.088	50.10893631
0.089	66.52243805
0.09	85.89165497
0.091	107.9380569
0.092	132.1114197
0.093	157.5951691
0.094	183.3463287
0.095	208.1685333
0.096	230.8098297
0.097	250.0739594
0.098	264.929657
0.099	274.6039429
0.1	278.6471252
0.101	276.9627075
0.102	269.8007813
0.103	257.7174377
0.104	241.5095215
0.105	222.1325226
0.106	200.6148376
0.107	177.9756317
0.108	155.1556549
0.109	132.9652863
0.11	112.052063
0.111	92.88684845
0.112	75.7670517
0.113	60.8326416
0.114	48.09087372
0.115	37.44564438
0.116	28.72774506
0.117	21.72305298
0.118	16.19686508
0.119	11.91319084
0.12	8.648891449
0.121	6.202885151
0.122	4.401287079
0.123	3.099334002
0.124	2.181144476
0.125	1.558198452
0.126	1.167326689
0.127	0.9688042402
0.128	0.9449356794
0.129	1.099354625
0.13	1.457048535
0.131	2.064959764
0.132	2.99284339
0.133	4.33391571
0.134	6.204720974
0.135	8.74355793
0.136	12.10684299
0.137	16.46283913
0.138	21.98245049
0.139	28.82701683
0.14	37.13349152
0.141	46.99791718
0.142	58.45832443
0.143	71.47889709
0.144	85.93715668
0.145	101.6159973
0.146	118.2024002
0.147	135.2936859
0.148	152.4117584
0.149	169.0249786
0.15	184.5762177
0.151	198.514801
0.152	210.3300781
0.153	219.5832062
0.154	225.9347839
0.155	229.1653595
0.156	229.1875458
0.157	226.0488129
0.158	219.9246979
0.159	211.1038361
0.16	199.9663239
0.161	186.9573975
0.162	172.5592957
0.163	157.2633209
0.164	141.5441437
0.165	125.8382339
0.166	110.5272217
0.167	95.92707825
0.168	82.28263092
0.169	69.76716614
0.17	58.48636627
0.171	48.48541641
0.172	39.75838852
0.173	32.25868607
0.174	25.90985107
0.175	20.61591721
0.176	16.27073288
0.177	12.7661438
0.178	9.998650551
0.179	7.874743938
0.18	6.314894676
0.181	5.256393433
0.182	4.655221462
0.183	4.487056255
0.184	4.747564316
0.185	5.45200491
0.186	6.634156227
0.187	8.344502449
0.188	10.64763451
0.189	13.61873055
0.19	17.33912086
0.191	21.89088058
0.192	27.35055542
0.193	33.78219986
0.194	41.23001099
0.195	49.71098328
0.196	59.20803452
0.197	69.66424561
0.198	80.97863007
0.199	93.00421143
0.2	105.5484924
0.201	118.376915
0.202	131.2191162
0.203	143.7780914
0.204	155.7414856
0.205	166.7948151
0.206	176.6353912
0.207	184.9866638
0.208	191.6111145
0.209	196.3217926
0.21	198.9910736
0.211	199.5562744
0.212	198.0218658
0.213	194.4581299
0.214	188.9960175
0.215	181.8199615
0.216	173.1573944
0.217	163.267334
0.218	152.427948
0.219	140.9240723
0.22	129.0357819
0.221	117.0278931
0.222	105.1417236
0.223	93.58865356
0.224	82.54602814
0.225	72.15529633
0.226	62.52197647
0.227	53.71761322
0.228	45.78284073
0.229	38.73179626
0.23	32.55691147
0.231	27.23419571
0.232	22.72846985
0.233	18.99832535
0.234	16.00068855
0.235	13.69474506
0.236	12.04515934
0.237	11.02453327
0.238	10.61505413
0.239	10.80930805
0.24	11.61029625
0.241	13.03063297
0.242	15.09101486
0.243	17.81796455
0.244	21.24094772
0.245	25.3889904
0.246	30.28685379
0.247	35.95102692
0.248	42.38563538
0.249	49.57858658
0.25	57.49800491
0.251	66.08955383
0.252	75.27431488
0.253	84.94806671
0.254	94.98162079
0.255	105.2225418
0.256	115.4981918
0.257	125.620163
0.258	135.3896942
0.259	144.6042175
0.26	153.0641327
0.261	160.5802765
0.262	166.9810028
0.263	172.1186218
0.264	175.8753357
0.265	178.1675262
0.266	178.9489746
0.267	178.2121735
0.268	175.9882507
0.269	172.3450317
0.27	167.3839417
0.271	161.235199
0.272	154.0525818
0.273	146.0070648
0.274	137.2803802
0.275	128.0587616
0.276	118.5266037
0.277	108.8611984
0.278	99.22801208
0.279	89.77696228
0.28	80.63991547
0.281	71.92908478
0.282	63.73654556
0.283	56.13463211
0.284	49.17717743
0.285	42.90139389
0.286	37.33018112
0.287	32.47477722
0.288	28.33749962
0.289	24.91441536
0.29	22.19789314
0.291	20.17875099
0.292	18.84809303
0.293	18.19857788
0.294	18.22522736
0.295	18.92566109
0.296	20.2997818
0.297	22.34900284
0.298	25.07494354
0.299	28.4777813
0.3	32.55435181
0.301	37.29598236
0.302	42.68630981
0.303	48.69921875
0.304	55.29689407
0.305	62.42832947
0.306	70.0281601
0.307	78.01624298
0.308	86.29772949
0.309	94.76386261
0.31	103.2937088
0.311	111.7561722
0.312	120.0130692
0.313	127.9226074
0.314	135.3429871
0.315	142.1367645
0.316	148.1747589
0.317	153.3402405
0.318	157.5325775
0.319	160.6704102
0.32	162.694519
0.321	163.5690613
0.322	163.2832794
0.323	161.8511505
0.324	159.3107758
0.325	155.7228546
0.326	151.1683044
0.327	145.7454987
0.328	139.566925
0.329	132.7554474
0.33	125.4406052
0.331	117.754982
0.332	109.8306885
0.333	101.7960358
0.334	93.77301788
0.335	85.87488556
0.336	78.20465088
0.337	70.85378265
0.338	63.90183258
0.339	57.41624832
0.34	51.45288086
0.341	46.05670166
0.342	41.26286316
0.343	37.09788132
0.344	33.58102798
0.345	30.72554398
0.346	28.53988457
0.347	27.02874374
0.348	26.19384003
0.349	26.03450394
0.35	26.54789162
0.351	27.72898865
0.352	29.570261
0.353	32.06110764
0.354	35.18710709
0.355	38.92904663
0.356	43.26199341
0.357	48.15423584
0.358	53.56639862
0.359	59.45065689
0.36	65.75018311
0.361	72.39891052
0.362	79.32154846
0.363	86.43418121
0.364	93.64498138
0.365	100.8555679
0.366	107.962616
0.367	114.8598099
0.368	121.4401398
0.369	127.5982361
0.37	133.2330475
0.371	138.2503204
0.372	142.5650177
0.373	146.1036835
0.374	148.8063354
0.375	150.6281433
0.376	151.5405731
0.377	151.5320587
0.378	150.6082611
0.379	148.7917633
0.38	146.1212311
0.381	142.650177
0.382	138.4453735
0.383	133.5849304
0.384	128.1561279
0.385	122.2530441
0.386	115.9743881
0.387	109.4209976
0.388	102.6937943
0.389	95.89173889
0.39	89.11008453
0.391	82.43890381
0.392	75.9619751
0.393	69.75585175
0.394	63.8894043
0.395	58.42352295
0.396	53.41113663
0.397	48.8973732
0.398	44.91997528
0.399	41.50971222
0.4	38.69095612
0.401	36.48212814
0.402	34.89627075
0.403	33.94140244
0.404	33.62083817
0.405	33.93336868
0.406	34.87333679
0.407	36.43052292
0.408	38.59000015
0.409	41.3318634
0.41	44.63087845
0.411	48.45611572
0.412	52.77066803
0.413	57.53132248
0.414	62.68847275
0.415	68.18599701
0.416	73.96149445
0.417	79.94662476
0.418	86.06760406
0.419	92.24619293
0.42	98.40045166
0.421	104.4462814
0.422	110.2985153
0.423	115.872757
0.424	121.0867462
0.425	125.8623047
0.426	130.1268311
0.427	133.8149719
0.428	136.8701172
0.429	139.2455902
0.43	140.9058838
0.431	141.8273163
0.432	141.9985809
0.433	141.420929
0.434	140.1081848
0.435	138.0860901
0.436	135.3917999
0.437	132.0728455
0.438	128.1859131
0.439	123.7955246
0.44	118.9726639
0.441	113.7929382
0.442	108.3353806
0.443	102.6806335
0.444	96.90958405
0.445	91.10199738
0.446	85.33537292
0.447	79.68371582
0.448	74.2168808
0.449	68.99973297
0.45	64.09161377
0.451	59.54608536
0.452	55.4106369
0.453	51.72661209
0.454	48.52923584
0.455	45.84767914
0.456	43.70517731
0.457	42.1191864
0.458	41.10150146
0.459	40.65840912
0.46	40.79083252
0.461	41.49425125
0.462	42.75885391
0.463	44.56951904
0.464	46.9057045
0.465	49.74151993
0.466	53.04563522
0.467	56.78131485
0.468	60.90649414
0.469	65.37393951
0.47	70.13143158
0.471	75.12216949
0.472	80.2851944
0.473	85.55604553
0.474	90.86742401
0.475	96.15010834
0.476	101.3338776
0.477	106.3485718
0.478	111.1252747
0.479	115.5973969
0.48	119.7019882
0.481	123.3807449
0.482	126.5812607
0.483	129.2579498
0.484	131.3730316
0.485	132.8971558
0.486	133.8101196
0.487	134.1010742
0.488	133.7688446
0.489	132.8218994
0.49	131.2779388
0.491	129.1637268
0.492	126.514328
0.493	123.3723602
0.494	119.7870789
0.495	115.8134842
0.496	111.5111771
0.497	106.9431839
0.498	102.1749802
0.499	97.27334595
