0 0.001 0.0990066
1 0.001 100
0 0.001 0.0990066
1 0.001 100
0 0.002 0.29505
1 0.002 100
0 0.002 0.29505
1 0.002 100
0 0.003 0.487212
1 0.003 100
0 0.003 0.487212
1 0.003 100
0 0.004 0.675569
1 0.004 100
0 0.004 0.675569
1 0.004 100
0 0.005 0.860196
1 0.005 100
0 0.005 0.860196
1 0.005 100
0 0.006 1.04117
1 0.006 100
0 0.006 1.04117
1 0.006 100
0 0.007 1.21856
1 0.007 100
0 0.007 1.21856
1 0.007 100
0 0.008 1.39243
1 0.008 100
0 0.008 1.39243
1 0.008 100
0 0.009 1.56286
1 0.009 100
0 0.009 1.56286
1 0.009 100
0 0.01 1.72992
1 0.01 100
0 0.01 1.72992
1 0.01 100
0 0.011 1.89367
1 0.011 100
0 0.011 1.89367
1 0.011 100
0 0.012 2.05418
1 0.012 100
0 0.012 2.05418
1 0.012 100
0 0.013 2.21151
1 0.013 100
0 0.013 2.21151
1 0.013 100
0 0.014 2.36572
1 0.014 100
0 0.014 2.36572
1 0.014 100
0 0.015 2.51688
1 0.015 100
0 0.015 2.51688
1 0.015 100
0 0.016 2.66505
1 0.016 100
0 0.016 2.66505
1 0.016 100
0 0.017 2.81028
1 0.017 100
0 0.017 2.81028
1 0.017 100
0 0.018 2.95264
1 0.018 100
0 0.018 2.95264
1 0.018 100
0 0.019 3.09217
1 0.019 100
0 0.019 3.09217
1 0.019 100
0 0.02 3.22895
1 0.02 100
0 0.02 3.22895
1 0.02 100
0 0.021 3.36302
1 0.021 100
0 0.021 3.36302
1 0.021 100
0 0.022 3.49443
1 0.022 100
0 0.022 3.49443
1 0.022 100
0 0.023 3.62324
1 0.023 100
0 0.023 3.62324
1 0.023 100
0 0.024 3.7495
1 0.024 100
0 0.024 3.7495
1 0.024 100
0 0.025 3.87326
1 0.025 100
0 0.025 3.87326
1 0.025 100
0 0.026 3.99457
1 0.026 100
0 0.026 3.99457
1 0.026 100
0 0.027 4.11347
1 0.027 100
0 0.027 4.11347
1 0.027 100
0 0.028 4.23002
1 0.028 100
0 0.028 4.23002
1 0.028 100
0 0.029 4.34427
1 0.029 100
0 0.029 4.34427
1 0.029 100
0 0.03 4.45625
1 0.03 100
0 0.03 4.45625
1 0.03 100
0 0.031 4.56601
1 0.031 100
0 0.031 4.56601
1 0.031 100
0 0.032 4.67361
1 0.032 100
0 0.032 4.67361
1 0.032 100
0 0.033 4.77907
1 0.033 100
0 0.033 4.77907
1 0.033 100
0 0.034 4.88244
1 0.034 100
0 0.034 4.88244
1 0.034 100
0 0.035 4.98376
1 0.035 100
0 0.035 4.98376
1 0.035 100
0 0.036 5.08308
1 0.036 100
0 0.036 5.08308
1 0.036 100
0 0.037 5.18044
1 0.037 100
0 0.037 5.18044
1 0.037 100
0 0.038 5.27586
1 0.038 100
0 0.038 5.27586
1 0.038 100
0 0.039 5.3694
1 0.039 100
0 0.039 5.3694
1 0.039 100
0 0.04 5.46108
1 0.04 100
0 0.04 5.46108
1 0.04 100
0 0.041 5.55095
1 0.041 100
0 0.041 5.55095
1 0.041 100
0 0.042 5.63904
1 0.042 100
0 0.042 5.63904
1 0.042 100
0 0.043 5.72538
1 0.043 100
0 0.043 5.72538
1 0.043 100
0 0.044 5.81001
1 0.044 100
0 0.044 5.81001
1 0.044 100
0 0.045 5.89297
1 0.045 100
0 0.045 5.89297
1 0.045 100
0 0.046 5.97429
1 0.046 100
0 0.046 5.97429
1 0.046 100
0 0.047 6.05399
1 0.047 100
0 0.047 6.05399
1 0.047 100
0 0.048 6.13212
1 0.048 100
0 0.048 6.13212
1 0.048 100
0 0.049 6.2087
1 0.049 100
0 0.049 6.2087
1 0.049 100
0 0.05 6.28376
1 0.05 100
0 0.05 6.28376
1 0.05 100
0 0.051 6.35734
1 0.051 100
0 0.051 6.35734
1 0.051 100
0 0.052 6.42946
1 0.052 100
0 0.052 6.42946
1 0.052 100
0 0.053 6.50015
1 0.053 100
0 0.053 6.50015
1 0.053 100
0 0.054 6.56945
1 0.054 100
0 0.054 6.56945
1 0.054 100
0 0.055 6.63737
1 0.055 100
0 0.055 6.63737
1 0.055 100
0 0.056 6.70394
1 0.056 100
0 0.056 6.70394
1 0.056 100
0 0.057 6.7692
1 0.057 100
0 0.057 6.7692
1 0.057 100
0 0.058 6.83317
1 0.058 100
0 0.058 6.83317
1 0.058 100
0 0.059 6.89586
1 0.059 100
0 0.059 6.89586
1 0.059 100
0 0.06 6.95732
1 0.06 100
0 0.06 6.95732
1 0.06 100
0 0.061 7.01756
1 0.061 100
0 0.061 7.01756
1 0.061 100
0 0.062 7.07661
1 0.062 100
0 0.062 7.07661
1 0.062 100
0 0.063 7.13449
1 0.063 100
0 0.063 7.13449
1 0.063 100
0 0.064 7.19122
1 0.064 100
0 0.064 7.19122
1 0.064 100
0 0.065 7.24683
1 0.065 100
0 0.065 7.24683
1 0.065 100
0 0.066 7.30133
1 0.066 100
0 0.066 7.30133
1 0.066 100
0 0.067 7.35476
1 0.067 100
0 0.067 7.35476
1 0.067 100
0 0.068 7.40713
1 0.068 100
0 0.068 7.40713
1 0.068 100
0 0.069 7.45847
1 0.069 100
0 0.069 7.45847
1 0.069 100
0 0.07 7.50878
1 0.07 100
0 0.07 7.50878
1 0.07 100
0 0.071 7.5581
1 0.071 100
0 0.071 7.5581
1 0.071 100
0 0.072 7.60645
1 0.072 100
0 0.072 7.60645
1 0.072 100
0 0.073 7.65383
1 0.073 100
0 0.073 7.65383
1 0.073 100
0 0.074 7.70028
1 0.074 100
0 0.074 7.70028
1 0.074 100
0 0.075 7.74581
1 0.075 100
0 0.075 7.74581
1 0.075 100
0 0.076 7.79044
1 0.076 100
0 0.076 7.79044
1 0.076 100
0 0.077 7.83418
1 0.077 100
0 0.077 7.83418
1 0.077 100
0 0.078 7.87706
1 0.078 100
0 0.078 7.87706
1 0.078 100
0 0.079 7.91909
1 0.079 100
0 0.079 7.91909
1 0.079 100
0 0.08 7.96028
1 0.08 100
0 0.08 7.96028
1 0.08 100
0 0.081 8.00066
1 0.081 100
0 0.081 8.00066
1 0.081 100
0 0.082 8.04024
1 0.082 100
0 0.082 8.04024
1 0.082 100
0 0.083 8.07904
1 0.083 100
0 0.083 8.07904
1 0.083 100
0 0.084 8.11707
1 0.084 100
0 0.084 8.11707
1 0.084 100
0 0.085 8.15434
1 0.085 100
0 0.085 8.15434
1 0.085 100
0 0.086 8.19088
1 0.086 100
0 0.086 8.19088
1 0.086 100
0 0.087 8.22669
1 0.087 100
0 0.087 8.22669
1 0.087 100
0 0.088 8.2618
1 0.088 100
0 0.088 8.2618
1 0.088 100
0 0.089 8.29621
1 0.089 100
0 0.089 8.29621
1 0.089 100
0 0.09 8.32994
1 0.09 100
0 0.09 8.32994
1 0.09 100
0 0.091 8.363
1 0.091 100
0 0.091 8.363
1 0.091 100
0 0.092 8.3954
1 0.092 100
0 0.092 8.3954
1 0.092 100
0 0.093 8.42717
1 0.093 100
0 0.093 8.42717
1 0.093 100
0 0.094 8.4583
1 0.094 100
0 0.094 8.4583
1 0.094 100
0 0.095 8.48882
1 0.095 100
0 0.095 8.48882
1 0.095 100
0 0.096 8.51874
1 0.096 100
0 0.096 8.51874
1 0.096 100
0 0.097 8.54806
1 0.097 100
0 0.097 8.54806
1 0.097 100
0 0.098 8.5768
1 0.098 100
0 0.098 8.5768
1 0.098 100
0 0.099 8.60497
1 0.099 100
0 0.099 8.60497
1 0.099 100
0 0.1 8.63259
1 0.1 100
0 0.1 8.63259
1 0.1 100
0 0.101 8.65965
1 0.101 100
0 0.101 8.65965
1 0.101 100
0 0.102 8.68619
1 0.102 100
0 0.102 8.68619
1 0.102 100
0 0.103 8.71219
1 0.103 100
0 0.103 8.71219
1 0.103 100
0 0.104 8.73768
1 0.104 100
0 0.104 8.73768
1 0.104 100
0 0.105 8.76267
1 0.105 100
0 0.105 8.76267
1 0.105 100
0 0.106 8.78716
1 0.106 100
0 0.106 8.78716
1 0.106 100
0 0.107 8.81117
1 0.107 100
0 0.107 8.81117
1 0.107 100
0 0.108 8.8347
1 0.108 100
0 0.108 8.8347
1 0.108 100
0 0.109 8.85777
1 0.109 100
0 0.109 8.85777
1 0.109 100
0 0.11 8.88037
1 0.11 100
0 0.11 8.88037
1 0.11 100
0 0.111 8.90253
1 0.111 100
0 0.111 8.90253
1 0.111 100
0 0.112 8.92426
1 0.112 100
0 0.112 8.92426
1 0.112 100
0 0.113 8.94555
1 0.113 100
0 0.113 8.94555
1 0.113 100
0 0.114 8.96642
1 0.114 100
0 0.114 8.96642
1 0.114 100
0 0.115 8.98688
1 0.115 100
0 0.115 8.98688
1 0.115 100
0 0.116 9.00693
1 0.116 100
0 0.116 9.00693
1 0.116 100
0 0.117 9.02658
1 0.117 100
0 0.117 9.02658
1 0.117 100
0 0.118 9.04585
1 0.118 100
0 0.118 9.04585
1 0.118 100
0 0.119 9.06473
1 0.119 100
0 0.119 9.06473
1 0.119 100
0 0.12 9.08325
1 0.12 100
0 0.12 9.08325
1 0.12 100
0 0.121 9.10139
1 0.121 100
0 0.121 9.10139
1 0.121 100
0 0.122 9.11917
1 0.122 100
0 0.122 9.11917
1 0.122 100
0 0.123 9.13661
1 0.123 100
0 0.123 9.13661
1 0.123 100
0 0.124 9.15369
1 0.124 100
0 0.124 9.15369
1 0.124 100
0 0.125 9.17044
1 0.125 100
0 0.125 9.17044
1 0.125 100
0 0.126 9.18686
1 0.126 100
0 0.126 9.18686
1 0.126 100
0 0.127 9.20295
1 0.127 100
0 0.127 9.20295
1 0.127 100
0 0.128 9.21873
1 0.128 100
0 0.128 9.21873
1 0.128 100
0 0.129 9.23419
1 0.129 100
0 0.129 9.23419
1 0.129 100
0 0.13 9.24934
1 0.13 100
0 0.13 9.24934
1 0.13 100
0 0.131 9.2642
1 0.131 100
0 0.131 9.2642
1 0.131 100
0 0.132 9.27876
1 0.132 100
0 0.132 9.27876
1 0.132 100
0 0.133 9.29303
1 0.133 100
0 0.133 9.29303
1 0.133 100
0 0.134 9.30702
1 0.134 100
0 0.134 9.30702
1 0.134 100
0 0.135 9.32073
1 0.135 100
0 0.135 9.32073
1 0.135 100
0 0.136 9.33418
1 0.136 100
0 0.136 9.33418
1 0.136 100
0 0.137 9.34735
1 0.137 100
0 0.137 9.34735
1 0.137 100
0 0.138 9.36026
1 0.138 100
0 0.138 9.36026
1 0.138 100
0 0.139 9.37292
1 0.139 100
0 0.139 9.37292
1 0.139 100
0 0.14 9.38533
1 0.14 100
0 0.14 9.38533
1 0.14 100
0 0.141 9.39749
1 0.141 100
0 0.141 9.39749
1 0.141 100
0 0.142 9.40942
1 0.142 100
0 0.142 9.40942
1 0.142 100
0 0.143 9.4211
1 0.143 100
0 0.143 9.4211
1 0.143 100
0 0.144 9.43255
1 0.144 100
0 0.144 9.43255
1 0.144 100
0 0.145 9.44378
1 0.145 100
0 0.145 9.44378
1 0.145 100
0 0.146 9.45479
1 0.146 100
0 0.146 9.45479
1 0.146 100
0 0.147 9.46557
1 0.147 100
0 0.147 9.46557
1 0.147 100
0 0.148 9.47615
1 0.148 100
0 0.148 9.47615
1 0.148 100
0 0.149 9.48651
1 0.149 100
0 0.149 9.48651
1 0.149 100
0 0.15 9.49667
1 0.15 100
0 0.15 9.49667
1 0.15 100
0 0.151 9.50663
1 0.151 100
0 0.151 9.50663
1 0.151 100
0 0.152 9.51639
1 0.152 100
0 0.152 9.51639
1 0.152 100
0 0.153 9.52595
1 0.153 100
0 0.153 9.52595
1 0.153 100
0 0.154 9.53533
1 0.154 100
0 0.154 9.53533
1 0.154 100
0 0.155 9.54452
1 0.155 100
0 0.155 9.54452
1 0.155 100
0 0.156 9.55353
1 0.156 100
0 0.156 9.55353
1 0.156 100
0 0.157 9.56237
1 0.157 100
0 0.157 9.56237
1 0.157 100
0 0.158 9.57102
1 0.158 100
0 0.158 9.57102
1 0.158 100
0 0.159 9.57951
1 0.159 100
0 0.159 9.57951
1 0.159 100
0 0.16 9.58783
1 0.16 100
0 0.16 9.58783
1 0.16 100
0 0.161 9.59598
1 0.161 100
0 0.161 9.59598
1 0.161 100
0 0.162 9.60397
1 0.162 100
0 0.162 9.60397
1 0.162 100
0 0.163 9.6118
1 0.163 100
0 0.163 9.6118
1 0.163 100
0 0.164 9.61948
1 0.164 100
0 0.164 9.61948
1 0.164 100
0 0.165 9.62701
1 0.165 100
0 0.165 9.62701
1 0.165 100
0 0.166 9.63438
1 0.166 100
0 0.166 9.63438
1 0.166 100
0 0.167 9.64161
1 0.167 100
0 0.167 9.64161
1 0.167 100
0 0.168 9.6487
1 0.168 100
0 0.168 9.6487
1 0.168 100
0 0.169 9.65565
1 0.169 100
0 0.169 9.65565
1 0.169 100
0 0.17 9.66246
1 0.17 100
0 0.17 9.66246
1 0.17 100
0 0.171 9.66913
1 0.171 100
0 0.171 9.66913
1 0.171 100
0 0.172 9.67568
1 0.172 100
0 0.172 9.67568
1 0.172 100
0 0.173 9.68209
1 0.173 100
0 0.173 9.68209
1 0.173 100
0 0.174 9.68837
1 0.174 100
0 0.174 9.68837
1 0.174 100
0 0.175 9.69454
1 0.175 100
0 0.175 9.69454
1 0.175 100
0 0.176 9.70058
1 0.176 100
0 0.176 9.70058
1 0.176 100
0 0.177 9.7065
1 0.177 100
0 0.177 9.7065
1 0.177 100
0 0.178 9.7123
1 0.178 100
0 0.178 9.7123
1 0.178 100
0 0.179 9.71799
1 0.179 100
0 0.179 9.71799
1 0.179 100
0 0.18 9.72356
1 0.18 100
0 0.18 9.72356
1 0.18 100
0 0.181 9.72903
1 0.181 100
0 0.181 9.72903
1 0.181 100
0 0.182 9.73438
1 0.182 100
0 0.182 9.73438
1 0.182 100
0 0.183 9.73963
1 0.183 100
0 0.183 9.73963
1 0.183 100
0 0.184 9.74478
1 0.184 100
0 0.184 9.74478
1 0.184 100
0 0.185 9.74982
1 0.185 100
0 0.185 9.74982
1 0.185 100
0 0.186 9.75477
1 0.186 100
0 0.186 9.75477
1 0.186 100
0 0.187 9.75962
1 0.187 100
0 0.187 9.75962
1 0.187 100
0 0.188 9.76437
1 0.188 100
0 0.188 9.76437
1 0.188 100
0 0.189 9.76902
1 0.189 100
0 0.189 9.76902
1 0.189 100
0 0.19 9.77359
1 0.19 100
0 0.19 9.77359
1 0.19 100
0 0.191 9.77806
1 0.191 100
0 0.191 9.77806
1 0.191 100
0 0.192 9.78245
1 0.192 100
0 0.192 9.78245
1 0.192 100
0 0.193 9.78675
1 0.193 100
0 0.193 9.78675
1 0.193 100
0 0.194 9.79096
1 0.194 100
0 0.194 9.79096
1 0.194 100
0 0.195 9.79509
1 0.195 100
0 0.195 9.79509
1 0.195 100
0 0.196 9.79914
1 0.196 100
0 0.196 9.79914
1 0.196 100
0 0.197 9.80311
1 0.197 100
0 0.197 9.80311
1 0.197 100
0 0.198 9.807
1 0.198 100
0 0.198 9.807
1 0.198 100
0 0.199 9.81081
1 0.199 100
0 0.199 9.81081
1 0.199 100
0 0.2 9.81455
1 0.2 100
0 0.2 9.81455
1 0.2 100
0 0.201 9.81821
1 0.201 100
0 0.201 9.81821
1 0.201 100
0 0.202 9.8218
1 0.202 100
0 0.202 9.8218
1 0.202 100
0 0.203 9.82532
1 0.203 100
0 0.203 9.82532
1 0.203 100
0 0.204 9.82877
1 0.204 100
0 0.204 9.82877
1 0.204 100
0 0.205 9.83215
1 0.205 100
0 0.205 9.83215
1 0.205 100
0 0.206 9.83547
1 0.206 100
0 0.206 9.83547
1 0.206 100
0 0.207 9.83872
1 0.207 100
0 0.207 9.83872
1 0.207 100
0 0.208 9.8419
1 0.208 100
0 0.208 9.8419
1 0.208 100
0 0.209 9.84502
1 0.209 100
0 0.209 9.84502
1 0.209 100
0 0.21 9.84808
1 0.21 100
0 0.21 9.84808
1 0.21 100
0 0.211 9.85108
1 0.211 100
0 0.211 9.85108
1 0.211 100
0 0.212 9.85402
1 0.212 100
0 0.212 9.85402
1 0.212 100
0 0.213 9.8569
1 0.213 100
0 0.213 9.8569
1 0.213 100
0 0.214 9.85973
1 0.214 100
0 0.214 9.85973
1 0.214 100
0 0.215 9.8625
1 0.215 100
0 0.215 9.8625
1 0.215 100
0 0.216 9.86521
1 0.216 100
0 0.216 9.86521
1 0.216 100
0 0.217 9.86787
1 0.217 100
0 0.217 9.86787
1 0.217 100
0 0.218 9.87048
1 0.218 100
0 0.218 9.87048
1 0.218 100
0 0.219 9.87303
1 0.219 100
0 0.219 9.87303
1 0.219 100
0 0.22 9.87554
1 0.22 100
0 0.22 9.87554
1 0.22 100
0 0.221 9.87799
1 0.221 100
0 0.221 9.87799
1 0.221 100
0 0.222 9.8804
1 0.222 100
0 0.222 9.8804
1 0.222 100
0 0.223 9.88276
1 0.223 100
0 0.223 9.88276
1 0.223 100
0 0.224 9.88507
1 0.224 100
0 0.224 9.88507
1 0.224 100
0 0.225 9.88734
1 0.225 100
0 0.225 9.88734
1 0.225 100
0 0.226 9.88956
1 0.226 100
0 0.226 9.88956
1 0.226 100
0 0.227 9.89174
1 0.227 100
0 0.227 9.89174
1 0.227 100
0 0.228 9.89387
1 0.228 100
0 0.228 9.89387
1 0.228 100
0 0.229 9.89597
1 0.229 100
0 0.229 9.89597
1 0.229 100
0 0.23 9.89802
1 0.23 100
0 0.23 9.89802
1 0.23 100
0 0.231 9.90003
1 0.231 100
0 0.231 9.90003
1 0.231 100
0 0.232 9.902
1 0.232 100
0 0.232 9.902
1 0.232 100
0 0.233 9.90393
1 0.233 100
0 0.233 9.90393
1 0.233 100
0 0.234 9.90582
1 0.234 100
0 0.234 9.90582
1 0.234 100
0 0.235 9.90768
1 0.235 100
0 0.235 9.90768
1 0.235 100
0 0.236 9.9095
1 0.236 100
0 0.236 9.9095
1 0.236 100
0 0.237 9.91128
1 0.237 100
0 0.237 9.91128
1 0.237 100
0 0.238 9.91303
1 0.238 100
0 0.238 9.91303
1 0.238 100
0 0.239 9.91474
1 0.239 100
0 0.239 9.91474
1 0.239 100
0 0.24 9.91642
1 0.24 100
0 0.24 9.91642
1 0.24 100
0 0.241 9.91807
1 0.241 100
0 0.241 9.91807
1 0.241 100
0 0.242 9.91968
1 0.242 100
0 0.242 9.91968
1 0.242 100
0 0.243 9.92126
1 0.243 100
0 0.243 9.92126
1 0.243 100
0 0.244 9.92281
1 0.244 100
0 0.244 9.92281
1 0.244 100
0 0.245 9.92433
1 0.245 100
0 0.245 9.92433
1 0.245 100
0 0.246 9.92582
1 0.246 100
0 0.246 9.92582
1 0.246 100
0 0.247 9.92728
1 0.247 100
0 0.247 9.92728
1 0.247 100
0 0.248 9.92871
1 0.248 100
0 0.248 9.92871
1 0.248 100
0 0.249 9.93011
1 0.249 100
0 0.249 9.93011
1 0.249 100
0 0.25 9.93149
1 0.25 100
0 0.25 9.93149
1 0.25 100
0 0.251 9.93284
1 0.251 100
0 0.251 9.93284
1 0.251 100
0 0.252 9.93416
1 0.252 100
0 0.252 9.93416
1 0.252 100
0 0.253 9.93545
1 0.253 100
0 0.253 9.93545
1 0.253 100
0 0.254 9.93672
1 0.254 100
0 0.254 9.93672
1 0.254 100
0 0.255 9.93797
1 0.255 100
0 0.255 9.93797
1 0.255 100
0 0.256 9.93918
1 0.256 100
0 0.256 9.93918
1 0.256 100
0 0.257 9.94038
1 0.257 100
0 0.257 9.94038
1 0.257 100
0 0.258 9.94155
1 0.258 100
0 0.258 9.94155
1 0.258 100
0 0.259 9.9427
1 0.259 100
0 0.259 9.9427
1 0.259 100
0 0.26 9.94383
1 0.26 100
0 0.26 9.94383
1 0.26 100
0 0.261 9.94493
1 0.261 100
0 0.261 9.94493
1 0.261 100
0 0.262 9.94601
1 0.262 100
0 0.262 9.94601
1 0.262 100
0 0.263 9.94707
1 0.263 100
0 0.263 9.94707
1 0.263 100
0 0.264 9.94811
1 0.264 100
0 0.264 9.94811
1 0.264 100
0 0.265 9.94913
1 0.265 100
0 0.265 9.94913
1 0.265 100
0 0.266 9.95013
1 0.266 100
0 0.266 9.95013
1 0.266 100
0 0.267 9.95111
1 0.267 100
0 0.267 9.95111
1 0.267 100
0 0.268 9.95206
1 0.268 100
0 0.268 9.95206
1 0.268 100
0 0.269 9.953
1 0.269 100
0 0.269 9.953
1 0.269 100
0 0.27 9.95393
1 0.27 100
0 0.27 9.95393
1 0.27 100
0 0.271 9.95483
1 0.271 100
0 0.271 9.95483
1 0.271 100
0 0.272 9.95571
1 0.272 100
0 0.272 9.95571
1 0.272 100
0 0.273 9.95658
1 0.273 100
0 0.273 9.95658
1 0.273 100
0 0.274 9.95743
1 0.274 100
0 0.274 9.95743
1 0.274 100
0 0.275 9.95827
1 0.275 100
0 0.275 9.95827
1 0.275 100
0 0.276 9.95908
1 0.276 100
0 0.276 9.95908
1 0.276 100
0 0.277 9.95989
1 0.277 100
0 0.277 9.95989
1 0.277 100
0 0.278 9.96067
1 0.278 100
0 0.278 9.96067
1 0.278 100
0 0.279 9.96144
1 0.279 100
0 0.279 9.96144
1 0.279 100
0 0.28 9.9622
1 0.28 100
0 0.28 9.9622
1 0.28 100
0 0.281 9.96294
1 0.281 100
0 0.281 9.96294
1 0.281 100
0 0.282 9.96366
1 0.282 100
0 0.282 9.96366
1 0.282 100
0 0.283 9.96437
1 0.283 100
0 0.283 9.96437
1 0.283 100
0 0.284 9.96507
1 0.284 100
0 0.284 9.96507
1 0.284 100
0 0.285 9.96575
1 0.285 100
0 0.285 9.96575
1 0.285 100
0 0.286 9.96642
1 0.286 100
0 0.286 9.96642
1 0.286 100
0 0.287 9.96708
1 0.287 100
0 0.287 9.96708
1 0.287 100
0 0.288 9.96772
1 0.288 100
0 0.288 9.96772
1 0.288 100
0 0.289 9.96835
1 0.289 100
0 0.289 9.96835
1 0.289 100
0 0.29 9.96897
1 0.29 100
0 0.29 9.96897
1 0.29 100
0 0.291 9.96957
1 0.291 100
0 0.291 9.96957
1 0.291 100
0 0.292 9.97017
1 0.292 100
0 0.292 9.97017
1 0.292 100
0 0.293 9.97075
1 0.293 100
0 0.293 9.97075
1 0.293 100
0 0.294 9.97132
1 0.294 100
0 0.294 9.97132
1 0.294 100
0 0.295 9.97188
1 0.295 100
0 0.295 9.97188
1 0.295 100
0 0.296 9.97242
1 0.296 100
0 0.296 9.97242
1 0.296 100
0 0.297 9.97296
1 0.297 100
0 0.297 9.97296
1 0.297 100
0 0.298 9.97349
1 0.298 100
0 0.298 9.97349
1 0.298 100
0 0.299 9.974
1 0.299 100
0 0.299 9.974
1 0.299 100
0 0.3 9.97451
1 0.3 100
0 0.3 9.97451
1 0.3 100
0 0.301 9.97501
1 0.301 100
0 0.301 9.97501
1 0.301 100
0 0.301 9.97501
1 0.301 100
