0	0
0	0
0	0
0.001	0
0.002	0
0.003	0
0	0
0	0
0.001	0
0.002	0
0.003	0
0.004	0
0.005	0
0.006	0
0.007	0
0.008	0
0.009	0
0.01	4.558323208e-103
0.011	1.914642413e-65
0.012	3.211437577e-50
0.013	2.65168203e-40
0.014	3.614523546e-33
0.015	9.848197999e-28
0.016	2.029964895e-23
0.017	6.787249561e-20
0.018	5.896911958e-17
0.019	1.815822492e-14
0.02	2.457385925e-12
0.021	1.707184456e-10
0.022	6.836224927e-09
0.023	1.724370172e-07
0.024	2.936989218e-06
0.025	3.570163836e-05
0.026	0.000323935461
0.027	0.002276059633
0.028	0.01276790294
0.029	0.05866638811
0.03	0.2256421087
0.031	0.7400765187
0.032	2.103383733
0.033	5.252934696
0.034	11.66913252
0.035	23.30885123
0.036	42.26908602
0.037	70.19077796
0.038	107.5610473
0.039	153.1765673
0.04	204.0168099
0.041	255.6346723
0.042	302.9699983
0.043	341.3294197
0.044	367.2294273
0.045	378.8800356
0.046	376.2416384
0.047	360.7371542
0.048	334.7826836
0.049	301.2968744
0.05	263.2905505
0.051	223.5698032
0.052	184.5413654
0.053	148.0966343
0.054	115.5580049
0.055	87.68108754
0.056	64.70872724
0.057	46.46732299
0.058	32.48843941
0.059	22.13479869
0.06	14.71172778
0.061	9.551714365
0.062	6.06785213
0.063	3.77881234
0.064	2.312069675
0	0
0.001	0
0.002	0
0.003	0
0.004	0
0.005	0
0.006	0
0.007	0
0.008	0
0	0
0.001	0
0.002	0
0.003	0
0.004	0
0.005	0
0.006	0
0.007	0
0.008	0
0.009	0
0.01	4.558323208e-103
0.011	1.914642413e-65
0.012	3.211437577e-50
0.013	2.65168203e-40
0.014	3.614523546e-33
0.015	9.848197999e-28
0.016	2.029964895e-23
0.017	6.787249561e-20
0.018	5.896911958e-17
0.019	1.815822492e-14
0.02	2.457385925e-12
0.021	1.707184456e-10
0.022	6.836224927e-09
0.023	1.724370172e-07
0.024	2.936989218e-06
0.025	3.570163836e-05
0.026	0.000323935461
0	0
0.001	0
0.002	0
0.003	0
0.004	0
0.005	0
0.006	0
0.007	0
0.008	0
0.009	0
0.01	4.558323208e-103
0.011	1.914642413e-65
0.012	3.211437577e-50
0.013	2.65168203e-40
0.014	3.614523546e-33
0.015	9.848197999e-28
0.016	2.029964895e-23
0.017	6.787249561e-20
0.018	5.896911958e-17
0.019	1.815822492e-14
0.02	2.457385925e-12
0.021	1.707184456e-10
0.022	6.836224927e-09
0.023	1.724370172e-07
0.024	2.936989218e-06
0.025	3.570163836e-05
0.026	0.000323935461
0.027	0.002276059633
0.028	0.01276790294
0.029	0.05866638811
0.03	0.2256421087
0.031	0.7400765187
0.032	2.103383733
0.033	5.252934696
0.034	11.66913252
0.035	23.30885123
0.036	42.26908602
0.037	70.19077796
0.038	107.5610473
0.039	153.1765673
0.04	204.0168099
0.041	255.6346723
0.042	302.9699983
0.043	341.3294197
0.044	367.2294273
0.045	378.8800356
0.046	376.2416384
0.047	360.7371542
0.048	334.7826836
0.049	301.2968744
0.05	263.2905505
0.051	223.5698032
0.052	184.5413654
0.053	148.0966343
0.054	115.5580049
0.055	87.68108754
0.056	64.70872724
0.057	46.46732299
0.058	32.48843941
0.059	22.13479869
0.06	14.71172778
0.061	9.551714365
0.062	6.06785213
0.063	3.77881234
0.064	2.312069675
0.065	1.393337707
0.066	0.829316955
0.067	0.4889691615
0.068	0.2864741441
0.069	0.1673216485
0.07	0.09783398479
0.071	0.05778139841
0.072	0.03551535938
0.073	0.0250622809
0.074	0.02477404303
0.075	0.0373400991
0.076	0.07117392866
0.077	0.1433513792
0.078	0.2843566827
0.079	0.5448344742
0.08	1.004302791
0.081	1.781317349
0.082	3.043895823
0.083	5.018185934
0.084	7.992557926
0.085	12.31377691
0.086	18.37197307
0.087	26.57205593
0.088	37.29114391
0.089	50.82437025
0.09	67.3246311
0.091	86.74473133
0.092	108.7921163
0.093	132.9062378
0.094	158.2662643
0.095	183.8325272
0.096	208.4195815
0.097	230.7931931
0.098	249.7791818
0.099	264.3698106
0.1	273.8137525
0.101	277.6784395
0.102	275.8781136
0.103	268.6661541
0.104	256.5952445
0.105	240.452809
0.106	221.1814331
0.107	199.7945497
0.108	177.2967565
0.109	154.6161207
0.11	132.5532419
0.111	111.7491435
0.112	92.67163805
0.113	75.61791361
0.114	60.72984807
0.115	48.01798317
0.116	37.39010408
0.117	28.68083847
0.118	21.67944768
0.119	16.1538714
0.12	11.86996644
0.121	8.605647152
0.122	6.16022795
0.123	4.359665249
0.124	3.058607364
0.125	2.140216458
0.126	1.514668187
0.127	1.11710264
0.128	0.9056292691
0.129	0.8598030792
0.13	0.9798038768
0.131	1.286370983
0.132	1.821374477
0.133	2.648742193
0.134	3.855314386
0.135	5.551075813
0.136	7.868135218
0.137	10.95780635
0.138	14.98521506
0.139	20.12103078
0.14	26.53020306
0.141	34.3579627
0.142	43.71378956
0.143	54.65450093
0.144	67.16800811
0.145	81.15954895
0.146	96.44226551
0.147	112.7338144
0.148	129.6602613
0.149	146.7678534
0.15	163.5424508
0.151	179.4355342
0.152	193.8949119
0.153	206.3976291
0.154	216.4822438
0.155	223.7776125
0.156	228.0256481
0.157	229.0961124
0.158	226.9923202
0.159	221.8475411
0.16	213.9127741
0.161	203.5373415
0.162	191.1443075
0.163	177.2030334
0.164	162.2012247
0.165	146.6186283
0.166	130.9041466
0.167	115.4576282
0.168	100.61703
0.169	86.65110246
0.17	73.75727462
0.171	62.06405207
0.172	51.63700141
0.173	42.4872863
0.174	34.5817245
0.175	27.85343116
0.176	22.21227317
0.177	17.55455097
0.178	13.77152392
0.179	10.75657899
0.18	8.410996134
0.181	6.648377666
0.182	5.39788003
0.183	4.606416356
0.184	4.239993157
0.185	4.28431201
0.186	4.744717335
0.187	5.645514678
0.188	7.02863045
0.189	8.951543466
0.19	11.48439869
0.191	14.70622033
0.192	18.7001777
0.193	23.54792278
0.194	29.32310918
0	0
0.001	0
0.002	0
0.003	0
0.004	0
0.005	0
0.006	0
0.007	0
0.008	0
0.009	0
0.01	4.558323208e-103
0.011	1.914642413e-65
0.012	3.211437577e-50
0.013	2.65168203e-40
0.014	3.614523546e-33
0.015	9.848197999e-28
0.016	2.029964895e-23
0.017	6.787249561e-20
0.018	5.896911958e-17
0.019	1.815822492e-14
0.02	2.457385925e-12
0.021	1.707184456e-10
0.022	6.836224927e-09
0.023	1.724370172e-07
0.024	2.936989218e-06
0.025	3.570163836e-05
0.026	0.000323935461
0.027	0.002276059633
0.028	0.01276790294
0.029	0.05866638811
0.03	0.2256421087
0.031	0.7400765187
0.032	2.103383733
0.033	5.252934696
0.034	11.66913252
0.035	23.30885123
0.036	42.26908602
0.037	70.19077796
0.038	107.5610473
0.039	153.1765673
0.04	204.0168099
0.041	255.6346723
0.042	302.9699983
0.043	341.3294197
0.044	367.2294273
0.045	378.8800356
0.046	376.2416384
0.047	360.7371542
0.048	334.7826836
0.049	301.2968744
0.05	263.2905505
0.051	223.5698032
0.052	184.5413654
0.053	148.0966343
0.054	115.5580049
0.055	87.68108754
0.056	64.70872724
0.057	46.46732299
0.058	32.48843941
0.059	22.13479869
0.06	14.71172778
0.061	9.551714365
0.062	6.06785213
0.063	3.77881234
0.064	2.312069675
0.065	1.393337707
0.066	0.829316955
0.067	0.4889691615
0.068	0.2864741441
0.069	0.1673216485
0.07	0.09783398479
0.071	0.05778139841
0.072	0.03551535938
0.073	0.0250622809
0.074	0.02477404303
0.075	0.0373400991
0.076	0.07117392866
0.077	0.1433513792
0.078	0.2843566827
0.079	0.5448344742
0.08	1.004302791
0.081	1.781317349
0.082	3.043895823
0.083	5.018185934
0.084	7.992557926
0.085	12.31377691
0.086	18.37197307
0.087	26.57205593
0.088	37.29114391
0.089	50.82437025
0.09	67.3246311
0.091	86.74473133
0.092	108.7921163
0.093	132.9062378
0.094	158.2662643
0.095	183.8325272
0.096	208.4195815
0.097	230.7931931
0.098	249.7791818
0.099	264.3698106
0	0
0.001	0
0.002	0
0.003	0
0.004	0
0.005	0
0.006	0
0.007	0
0.008	0
0.009	0
0.01	4.558323208e-103
0.011	1.914642413e-65
0.012	3.211437577e-50
0.013	2.65168203e-40
0.014	3.614523546e-33
0.015	9.848197999e-28
0.016	2.029964895e-23
0.017	6.787249561e-20
0.018	5.896911958e-17
0.019	1.815822492e-14
0.02	2.457385925e-12
0.021	1.707184456e-10
0.022	6.836224927e-09
0.023	1.724370172e-07
0.024	2.936989218e-06
0.025	3.570163836e-05
0.026	0.000323935461
0.027	0.002276059633
0.028	0.01276790294
0.029	0.05866638811
0.03	0.2256421087
0.031	0.7400765187
0.032	2.103383733
0.033	5.252934696
0.034	11.66913252
0.035	23.30885123
0.036	42.26908602
0.037	70.19077796
0.038	107.5610473
0.039	153.1765673
0.04	204.0168099
0.041	255.6346723
0.042	302.9699983
0.043	341.3294197
0.044	367.2294273
0.045	378.8800356
0.046	376.2416384
0.047	360.7371542
0.048	334.7826836
0.049	301.2968744
0.05	263.2905505
0.051	223.5698032
0.052	184.5413654
0.053	148.0966343
0.054	115.5580049
0.055	87.68108754
0.056	64.70872724
0.057	46.46732299
0.058	32.48843941
0.059	22.13479869
0.06	14.71172778
0.061	9.551714365
0.062	6.06785213
0.063	3.77881234
0.064	2.312069675
0.065	1.393337707
0.066	0.829316955
0.067	0.4889691615
0.068	0.2864741441
0.069	0.1673216485
0.07	0.09783398479
0.071	0.05778139841
0.072	0.03551535938
0.073	0.0250622809
0.074	0.02477404303
0.075	0.0373400991
0.076	0.07117392866
0.077	0.1433513792
0.078	0.2843566827
0.079	0.5448344742
0.08	1.004302791
0.081	1.781317349
0.082	3.043895823
0.083	5.018185934
0.084	7.992557926
0.085	12.31377691
0.086	18.37197307
0.087	26.57205593
0.088	37.29114391
0.089	50.82437025
0.09	67.3246311
0.091	86.74473133
0.092	108.7921163
0.093	132.9062378
0.094	158.2662643
0.095	183.8325272
0.096	208.4195815
0.097	230.7931931
0.098	249.7791818
0.099	264.3698106
0	0
0.001	0
0.002	0
0.003	0
0.004	0
0.005	0
0.006	0
0.007	0
0.008	0
0.009	0
0.01	4.558323208e-103
0.011	1.914642413e-65
0.012	3.211437577e-50
0.013	2.65168203e-40
0.014	3.614523546e-33
0.015	9.848197999e-28
0.016	2.029964895e-23
0.017	6.787249561e-20
0.018	5.896911958e-17
0.019	1.815822492e-14
0.02	2.457385925e-12
0.021	1.707184456e-10
0.022	6.836224927e-09
0.023	1.724370172e-07
0.024	2.936989218e-06
0.025	3.570163836e-05
0.026	0.000323935461
0.027	0.002276059633
0.028	0.01276790294
0.029	0.05866638811
0.03	0.2256421087
0.031	0.7400765187
0.032	2.103383733
0.033	5.252934696
0.034	11.66913252
0.035	23.30885123
0.036	42.26908602
0.037	70.19077796
0.038	107.5610473
0.039	153.1765673
0.04	204.0168099
0.041	255.6346723
0.042	302.9699983
0.043	341.3294197
0.044	367.2294273
0.045	378.8800356
0.046	376.2416384
0.047	360.7371542
0.048	334.7826836
0.049	301.2968744
0.05	263.2905505
0.051	223.5698032
0.052	184.5413654
0.053	148.0966343
0.054	115.5580049
0.055	87.68108754
0.056	64.70872724
0.057	46.46732299
0.058	32.48843941
0.059	22.13479869
0.06	14.71172778
0.061	9.551714365
0.062	6.06785213
0.063	3.77881234
0.064	2.312069675
0.065	1.393337707
0.066	0.829316955
0.067	0.4889691615
0.068	0.2864741441
0.069	0.1673216485
0.07	0.09783398479
0.071	0.05778139841
0.072	0.03551535938
0.073	0.0250622809
0.074	0.02477404303
0.075	0.0373400991
0.076	0.07117392866
0.077	0.1433513792
0.078	0.2843566827
0.079	0.5448344742
0.08	1.004302791
0.081	1.781317349
0.082	3.043895823
0.083	5.018185934
0.084	7.992557926
0.085	12.31377691
0.086	18.37197307
0.087	26.57205593
0.088	37.29114391
0.089	50.82437025
0.09	67.3246311
0.091	86.74473133
0.092	108.7921163
0.093	132.9062378
0.094	158.2662643
0.095	183.8325272
0.096	208.4195815
0.097	230.7931931
0.098	249.7791818
0.099	264.3698106
0	0
0.001	0
0.002	0
0.003	0
0.004	0
0.005	0
0.006	0
0.007	0
0.008	0
0.009	0
0.01	4.558323208e-103
0.011	1.914642413e-65
0.012	3.211437577e-50
0.013	2.65168203e-40
0.014	3.614523546e-33
0.015	9.848197999e-28
0.016	2.029964895e-23
0.017	6.787249561e-20
0.018	5.896911958e-17
0.019	1.815822492e-14
0.02	2.457385925e-12
0.021	1.707184456e-10
0.022	6.836224927e-09
0.023	1.724370172e-07
0.024	2.936989218e-06
0.025	3.570163836e-05
0.026	0.000323935461
0.027	0.002276059633
0.028	0.01276790294
0.029	0.05866638811
0.03	0.2256421087
0.031	0.7400765187
0.032	2.103383733
0.033	5.252934696
0.034	11.66913252
0.035	23.30885123
0.036	42.26908602
0.037	70.19077796
0.038	107.5610473
0.039	153.1765673
0.04	204.0168099
0.041	255.6346723
0.042	302.9699983
0.043	341.3294197
0.044	367.2294273
0.045	378.8800356
0.046	376.2416384
0.047	360.7371542
0.048	334.7826836
0.049	301.2968744
0.05	263.2905505
0.051	223.5698032
0.052	184.5413654
0.053	148.0966343
0.054	115.5580049
0.055	87.68108754
0.056	64.70872724
0.057	46.46732299
0.058	32.48843941
0.059	22.13479869
0.06	14.71172778
0.061	9.551714365
0.062	6.06785213
0.063	3.77881234
0.064	2.312069675
0.065	1.393337707
0.066	0.829316955
0.067	0.4889691615
0.068	0.2864741441
0.069	0.1673216485
0.07	0.09783398479
0.071	0.05778139841
0.072	0.03551535938
0.073	0.0250622809
0.074	0.02477404303
0.075	0.0373400991
0.076	0.07117392866
0.077	0.1433513792
0.078	0.2843566827
0.079	0.5448344742
0.08	1.004302791
0.081	1.781317349
0.082	3.043895823
0.083	5.018185934
0.084	7.992557926
0.085	12.31377691
0.086	18.37197307
0.087	26.57205593
0.088	37.29114391
0.089	50.82437025
0.09	67.3246311
0.091	86.74473133
0.092	108.7921163
0.093	132.9062378
0.094	158.2662643
0.095	183.8325272
0.096	208.4195815
0.097	230.7931931
0.098	249.7791818
0.099	264.3698106
0	0
0	0
0	0
0.001	0
0.002	0
0.003	0
0.004	0
0.005	0
0.006	0
0.007	0
0.008	0
0.009	0
0.01	4.558323208e-103
0.011	1.914642413e-65
0.012	3.211437577e-50
0.013	2.65168203e-40
0.014	3.614523546e-33
0.015	9.848197999e-28
0.016	2.029964895e-23
0.017	6.787249561e-20
0.018	5.896911958e-17
0.019	1.815822492e-14
0.02	2.457385925e-12
0.021	1.707184456e-10
0.022	6.836224927e-09
0.023	1.724370172e-07
0.024	2.936989218e-06
0.025	3.570163836e-05
0.026	0.000323935461
0.027	0.002276059633
0.028	0.01276790294
0.029	0.05866638811
0.03	0.2256421087
0.031	0.7400765187
0.032	2.103383733
0.033	5.252934696
0.034	11.66913252
0.035	23.30885123
0.036	42.26908602
0.037	70.19077796
0.038	107.5610473
0.039	153.1765673
0.04	204.0168099
0.041	255.6346723
0.042	302.9699983
0.043	341.3294197
0.044	367.2294273
0.045	378.8800356
0.046	376.2416384
0.047	360.7371542
0.048	334.7826836
0.049	301.2968744
0.05	263.2905505
0.051	223.5698032
0.052	184.5413654
0.053	148.0966343
0.054	115.5580049
0.055	87.68108754
0.056	64.70872724
0.057	46.46732299
0.058	32.48843941
0.059	22.13479869
0.06	14.71172778
0.061	9.551714365
0.062	6.06785213
0.063	3.77881234
0.064	2.312069675
0.065	1.393337707
0.066	0.829316955
0.067	0.4889691615
0.068	0.2864741441
0.069	0.1673216485
0.07	0.09783398479
0.071	0.05778139841
0.072	0.03551535938
0.073	0.0250622809
0.074	0.02477404303
0.075	0.0373400991
0.076	0.07117392866
0.077	0.1433513792
0.078	0.2843566827
0.079	0.5448344742
0.08	1.004302791
0.081	1.781317349
0.082	3.043895823
0.083	5.018185934
0.084	7.992557926
0.085	12.31377691
0.086	18.37197307
0.087	26.57205593
0.088	37.29114391
0.089	50.82437025
0.09	67.3246311
0.091	86.74473133
0.092	108.7921163
0.093	132.9062378
0.094	158.2662643
0.095	183.8325272
0.096	208.4195815
0.097	230.7931931
0.098	249.7791818
0.099	264.3698106
0	0
0.001	0
0.002	0
0.003	0
0.004	0
0.005	0
0.006	0
0.007	0
0.008	0
0.009	0
0.01	4.558323208e-103
0.011	1.914642413e-65
0.012	3.211437577e-50
0.013	2.65168203e-40
0.014	3.614523546e-33
0.015	9.848197999e-28
0.016	2.029964895e-23
0.017	6.787249561e-20
0.018	5.896911958e-17
0.019	1.815822492e-14
0.02	2.457385925e-12
0.021	1.707184456e-10
0.022	6.836224927e-09
0.023	1.724370172e-07
0.024	2.936989218e-06
0.025	3.570163836e-05
0.026	0.000323935461
0.027	0.002276059633
0.028	0.01276790294
0.029	0.05866638811
0.03	0.2256421087
0.031	0.7400765187
0.032	2.103383733
0.033	5.252934696
0.034	11.66913252
0.035	23.30885123
0.036	42.26908602
0.037	70.19077796
0.038	107.5610473
0.039	153.1765673
0.04	204.0168099
0.041	255.6346723
0.042	302.9699983
0.043	341.3294197
0.044	367.2294273
0.045	378.8800356
0.046	376.2416384
0.047	360.7371542
0.048	334.7826836
0.049	301.2968744
0.05	263.2905505
0.051	223.5698032
0.052	184.5413654
0.053	148.0966343
0.054	115.5580049
0.055	87.68108754
0.056	64.70872724
0.057	46.46732299
0.058	32.48843941
0.059	22.13479869
0.06	14.71172778
0.061	9.551714365
0.062	6.06785213
0.063	3.77881234
0.064	2.312069675
0.065	1.393337707
0.066	0.829316955
0.067	0.4889691615
0.068	0.2864741441
0.069	0.1673216485
0.07	0.09783398479
0.071	0.05778139841
0.072	0.03551535938
0.073	0.0250622809
0.074	0.02477404303
0.075	0.0373400991
0.076	0.07117392866
0.077	0.1433513792
0.078	0.2843566827
0.079	0.5448344742
0.08	1.004302791
0.081	1.781317349
0.082	3.043895823
0.083	5.018185934
0.084	7.992557926
0.085	12.31377691
0.086	18.37197307
0.087	26.57205593
0.088	37.29114391
0.089	50.82437025
0.09	67.3246311
0.091	86.74473133
0.092	108.7921163
0.093	132.9062378
0.094	158.2662643
0.095	183.8325272
0.096	208.4195815
0.097	230.7931931
0.098	249.7791818
0.099	264.3698106
